-0.07000000000000006
0.75
0.6699999999999999
1.99
0.75
0.9099999999999999
1.75
-0.030000000000000027
-0.1100000000000001
0.71
0.6699999999999999
3.99
1.83
0.75
0.75
0.75
-0.030000000000000027
1.79
0.75
-0.030000000000000027
1.71
0.5900000000000001
-0.030000000000000027
0.5900000000000001
1.91
2.59
0.5900000000000001
0.6299999999999999
1.87
0.5900000000000001
0.75
0.79
0.010000000000000009
-0.1499999999999999
-0.07000000000000006
0.79
-0.07000000000000006
0.6699999999999999
-0.35
0.6299999999999999
-0.35
-0.15
-0.11
-0.11
0.0
0.0
0.0
0.0
0.0
0.0
0.0
0.0
0.0
0.0
0.0
0.0
0.0
0.0
0.0
0.0
0.0
0.0
0.0
0.0
