2.887
1.871
2.883
0.897
1.875
4.883
2.879
2.887
2.871
2.895
3.863
2.883
1.867
5.859
2.891
3.871
2.867
3.891
2.871
0.897
1.875
0.901
1.895
2.867
2.883
1.879
1.883
0.889
2.879
1.891
2.867
2.871
2.871
1.879
3.863
2.895
1.875
1.879
2.867
1.875
1.863
2.871
2.887
3.875
2.875
2.883
0.897
2.895
1.891
1.867
2.887
1.875
2.903
1.871
2.899
1.887
2.899
0.869
2.883
3.875
1.867
3.883
2.887
1.891
2.871
1.871
1.891
3.883
3.871
0.897
2.879
1.875
3.875
3.883
3.875
2.891
1.891
1.895
1.883
1.875
2.899
3.891
1.867
2.879
1.875
2.875
1.891
0.877
2.899
2.891
2.887
2.899
3.891
1.867
1.879
5.875
3.859
2.879
2.883
2.867
1.879
1.863
2.871
2.887
1.895
1.887
2.871
1.879
4.883
3.875
