-0.027
-0.027
-0.019
-0.031
-0.015
-0.035
-0.015
0.897
1.875
1.863
1.871
0.893
0.893
-0.007
0.865
1.871
1.871
1.879
4.879
1.879
4.879
6.867
1.871
5.875
1.871
0.901
0.901
1.871
1.867
0.897
0.893
0.889
0.901
0.897
0.885
0.885
0.893
0.885
0.885
0.885
0.893
-0.007
5.875
1.871
1.883
3.859
2.879
3.859
1.883
4.883
1.883
1.875
1.871
4.875
6.867
4.875
4.875
0.893
0.893
2.895
2.887
0.901
0.893
1.995
0.877
0.893
0.893
-0.011
0.889
0.869
-0.007
-0.023
-0.011
1.891
1.871
1.875
1.879
1.875
1.879
2.867
1.879
1.875
1.879
1.887
1.891
1.887
1.895
2.871
2.871
2.875
2.875
1.895
2.875
1.895
0.893
1.887
2.871
1.895
1.895
1.887
2.875
1.883
2.871
2.883
1.883
1.887
2.871
1.871
1.895
1.887
1.895
1.895
1.887
1.867
2.871
1.883
1.875
2.871
2.871
1.879
1.867
2.871
2.883
2.895
1.883
2.895
2.895
1.887
1.879
2.895
1.879
2.891
1.879
1.879
2.895
2.895
1.887
2.895
1.887
1.883
1.883
1.871
3.863
1.883
2.879
1.887
1.879
1.879
1.883
1.879
1.879
1.879
1.875
1.879
1.879
1.871
1.871
1.879
1.871
4.879
1.879
1.879
3.891
1.871
1.879
3.891
3.891
1.879
4.875
4.879
4.879
2.855
2.855
1.879
1.871
2.855
1.879
1.879
1.871
1.879
1.871
3.891
1.875
6.867
5.859
1.871
1.879
4.875
1.871
0.897
4.875
4.875
5.8629999999999995
1.875
5.8629999999999995
1.867
1.875
1.871
1.867
1.867
1.871
0.893
1.871
1.871
0.897
1.871
0.893
1.871
0.901
0.893
2.867
0.901
2.887
1.871
0.989
0.893
0.881
0.889
0.889
0.893
0.889
0.885
0.881
0.901
0.901
0.889
0.885
0.885
0.889
0.869
0.877
0.885
0.885
-0.019
0.869
0.885
0.885
0.877
0.873
0.877
0.877
-0.019
-0.027
0.873
2.879
2.875
0.965
-0.103
-0.003
0.901
1.871
4.879
1.879
5.859
1.871
5.875
2.895
1.883
0.901
1.863
0.897
0.897
0.901
0.901
0.889
0.901
0.897
0.889
0.889
-0.023
-0.023
-0.011
-0.019
1.883
0.865
-0.035
-0.035
1.875
1.875
2.891
1.883
1.883
1.875
1.875
2.851
3.891
4.875
5.887
1.875
1.871
0.897
0.901
-0.003
-0.027
-0.027
1.871
1.867
1.875
1.879
1.887
